Date	Open	High	Low	Close	Volume
12/31/21	610.01 	614.08 	602.05 	602.44 	1995918
12/30/21	612.99 	620.61 	611.24 	612.09 	1625093
12/29/21	610.71 	613.98 	604.68 	610.54 	1287513
12/28/21	614.95 	618.41 	609.69 	610.71 	1884116
12/27/21	615 	615 	609.25 	613.12 	2062233
12/23/21	616.40 	616.88 	607.57 	614.09 	1621146
12/22/21	603.36 	614.82 	602.63 	614.24 	2335745
12/21/21	597.54 	607.82 	593.86 	604.92 	2319390
12/20/21	586.43 	602.88 	584.26 	593.74 	3358404
12/17/21	591.61 	593.25 	581.74 	586.73 	4433706
12/16/21	597.09 	602.83 	588 	591.06 	3143217
12/15/21	598.18 	605.69 	584.51 	605.04 	2866196
12/14/21	598.71 	602.29 	588.13 	597.99 	2984536
12/13/21	612 	612.64 	599.52 	604.56 	2517915
12/10/21	616.78 	617.74 	605.88 	611.66 	2748774
12/9/21	627.58 	630.24 	610.44 	611 	2376321
12/8/21	630 	632.46 	623.20 	628.08 	2220308
12/7/21	619.83 	628.89 	611.40 	625.58 	3125190
12/6/21	606.01 	617.29 	601 	612.69 	3075672
12/3/21	622.75 	625.50 	594 	602.13 	4829282
12/2/21	617.10 	625.36 	612.88 	616.47 	3331131
12/1/21	649.48 	654.52 	617.07 	617.77 	3897019
11/30/21	668.20 	675.38 	640.01 	641.90 	5608919
11/29/21	663.20 	667.99 	658.29 	663.84 	2529364
11/26/21	675 	676.41 	660.67 	665.64 	2872513
11/24/21	658.01 	661.44 	651.10 	658.29 	1867282
11/23/21	658.18 	666.43 	646.05 	654.06 	2320917
11/22/21	676.02 	679.48 	656.47 	659.20 	2765318
11/19/21	692.35 	694.16 	675 	678.80 	2614852
11/18/21	691.61 	691.74 	679.74 	682.02 	2014992
11/17/21	690 	700.99 	686.09 	691.69 	2732831
11/16/21	678.27 	688.36 	676.90 	687.40 	2077387
11/15/21	681.24 	685.26 	671.49 	679.33 	2872186
11/12/21	660.01 	683.34 	653.82 	682.61 	4198410
11/11/21	650.24 	665.82 	649.71 	657.58 	2868311
11/10/21	653.01 	660.33 	642.11 	646.91 	2405785
11/9/21	653.70 	660.50 	650.52 	655.99 	2415630
11/8/21	650.29 	656 	643.79 	651.45 	2887523
11/5/21	663.97 	665.64 	645.01 	645.72 	5283488
11/4/21	685.89 	685.94 	665.50 	668.40 	4865023
11/3/21	677.27 	689.39 	677.27 	688.29 	2334852
11/2/21	683.11 	687.68 	673.82 	677.72 	3888597
11/1/21	689.06 	689.97 	676.54 	681.17 	3110911
10/29/21	673.06 	690.97 	671.24 	690.31 	3825279
10/28/21	670.95 	676.80 	668.03 	674.05 	2859409
10/27/21	669 	671.41 	661.85 	662.92 	2276914
10/26/21	673.76 	676.49 	662.77 	668.52 	2904840
10/25/21	663.74 	675.88 	657.07 	671.66 	3833526
10/22/21	651.81 	665.46 	651.81 	664.78 	6186016
10/21/21	628.89 	654.01 	628.65 	653.16 	8437070
10/20/21	625.57 	637.40 	617.15 	625.14 	10622000
10/19/21	636.97 	641 	632.30 	639 	7633147
10/18/21	632.10 	638.41 	620.59 	637.97 	4669071
10/15/21	638 	639.42 	625.16 	628.29 	4116874
10/14/21	632.23 	636.88 	626.79 	633.80 	2672535
10/13/21	632.18 	632.18 	622.10 	629.76 	2424638
10/12/21	633.02 	637.66 	621.99 	624.94 	3227349
10/11/21	633.20 	639.42 	626.78 	627.04 	2862470
10/8/21	634.17 	643.80 	630.86 	632.66 	3272093
10/7/21	642.23 	646.84 	630.45 	631.85 	3556886
10/6/21	628.18 	639.87 	626.36 	639.10 	4580434
10/5/21	606.94 	640.39 	606.89 	634.81 	9534293
10/4/21	613.39 	626.13 	594.68 	603.35 	4995932
10/1/21	604.24 	614.99 	597.51 	613.15 	4090847
9/30/21	608.05 	619 	608.05 	610.34 	6616040
9/29/21	589.01 	609.88 	588.01 	599.06 	6221026
9/28/21	589 	599.54 	580.16 	583.85 	4431051
9/27/21	587.95 	593.58 	576.93 	592.64 	2504738
9/24/21	592.50 	592.98 	583.64 	592.39 	2126246
9/23/21	590.79 	599.32 	589.13 	593.26 	2526161
9/22/21	579.69 	595.65 	579.69 	590.65 	4021845
9/21/21	578.31 	581.88 	569.37 	573.14 	2250884
9/20/21	586.79 	591.53 	568.08 	575.43 	3732227
9/17/21	587.85 	590.28 	580.85 	589.35 	4145145
9/16/21	584.30 	587.48 	577.72 	586.50 	1832028
9/15/21	578.17 	584.62 	575.37 	582.87 	2755615
9/14/21	584.89 	587.28 	575.56 	577.76 	3456958
9/13/21	598.57 	598.57 	582.78 	589.29 	3062871
9/10/21	598.16 	609.45 	593.67 	598.72 	3950764
9/9/21	606.47 	609.44 	596.55 	597.54 	2954214
9/8/21	603.84 	615.60 	595.71 	606.05 	5424503
9/7/21	594.69 	613.85 	593.99 	606.71 	5830979
9/3/21	585.80 	591.88 	583.14 	590.53 	2684005
9/2/21	583.68 	598.76 	583.68 	588.55 	6184782
9/1/21	569 	591 	569 	582.07 	5626214
8/31/21	566.12 	569.48 	561.61 	569.19 	2431886
8/30/21	557.25 	567.16 	556.45 	566.18 	2434839
8/27/21	551.60 	564.17 	549.25 	558.92 	3252595
8/26/21	546.16 	552.60 	545.90 	550.12 	1595499
8/25/21	550.16 	552.84 	545.45 	547.58 	2065621
8/24/21	551.48 	555.31 	549.27 	553.41 	2109525
8/23/21	545.98 	555.55 	543.74 	553.33 	2602010
8/20/21	545.09 	551.39 	539.10 	546.88 	3776429
8/19/21	522.74 	548.39 	521.87 	543.71 	7497292
8/18/21	520 	526.38 	518.65 	521.87 	2582046
8/17/21	515.47 	520.79 	514.20 	518.91 	2309803
8/16/21	515.24 	523.38 	512.30 	517.92 	2033176
8/13/21	512.64 	521.44 	511.51 	515.92 	2177736
8/12/21	511.86 	513 	507.20 	510.72 	1686170
8/11/21	517 	519.57 	509.77 	512.40 	1673904
8/10/21	520 	520.79 	512.97 	515.84 	1960544
8/9/21	521.15 	522.67 	517.99 	519.97 	1367782
8/6/21	524 	526.84 	519.39 	520.55 	1919798
8/5/21	517.13 	525.41 	514.02 	524.89 	2556687
8/4/21	513 	517.98 	510.37 	517.35 	2039374
8/3/21	514.39 	515.63 	505.37 	510.82 	2579427
8/2/21	519 	519.85 	510.51 	515.15 	2096632
7/30/21	512.69 	519.79 	510.96 	517.57 	2537107
7/29/21	519.96 	520.78 	513.79 	514.25 	1736014
7/28/21	521.82 	524.47 	516.98 	519.30 	2390466
7/27/21	518.08 	521.95 	512.05 	518.91 	2759037
7/26/21	514.38 	521.13 	509.01 	516.49 	2254538
7/23/21	512.16 	517.41 	504.66 	515.41 	3820478
7/22/21	510.21 	513.68 	507 	511.77 	4328061
7/21/21	526.13 	530.99 	505.61 	513.63 	11906790
7/20/21	526.07 	536.64 	520.30 	531.05 	6930440
7/19/21	526.05 	534.91 	522.24 	532.28 	3885764
7/16/21	541.81 	544.06 	527.05 	530.31 	3442101
7/15/21	553.97 	557.54 	538.20 	542.95 	5713873
7/14/21	541.01 	554.10 	541.01 	547.95 	4659535
7/13/21	535.76 	545.33 	535.76 	540.68 	2751593
7/12/21	540.30 	540.65 	532.92 	537.31 	1780738
7/9/21	531 	538.26 	528.58 	535.98 	2777231
7/8/21	530.93 	535.50 	529.09 	530.76 	3268988
7/7/21	544.24 	544.64 	531.66 	535.96 	2722498
7/6/21	533 	542.86 	533 	541.64 	2775051
7/2/21	535.50 	538.54 	529.39 	533.98 	1980316
7/1/21	525.72 	537.04 	525.72 	533.54 	2805402
6/30/21	534.06 	534.38 	526.82 	528.21 	2773445
6/29/21	533.55 	536.13 	528.57 	533.50 	2314647
6/28/21	528.12 	533.94 	524.56 	533.03 	2820227
6/25/21	528.84 	533.06 	525 	527.07 	5299072
6/24/21	517.96 	520.96 	514.40 	518.06 	3361202
6/23/21	508.48 	516.63 	508.20 	512.74 	3944782
6/22/21	498.54 	513.55 	495.80 	508.82 	5809271
6/21/21	501.64 	502.05 	492.28 	497 	5277297
6/18/21	496.40 	504.49 	495.24 	500.77 	5197576
6/17/21	490.25 	501.80 	490.15 	498.34 	3198273
6/16/21	495 	496.46 	486.28 	492.41 	3533206
6/15/21	501.23 	501.23 	490.40 	491.90 	3104073
6/14/21	489.68 	503.50 	486.91 	499.89 	4400222
6/11/21	490 	491.41 	487.78 	488.77 	3123969
6/10/21	487.17 	490.21 	482.14 	487.27 	4382928
6/9/21	494.50 	496.09 	484.65 	485.81 	3055029
6/8/21	497 	498.82 	489.37 	492.39 	2374037
6/7/21	492.92 	496.70 	490.55 	494.66 	2791932
6/4/21	492 	501.86 	490.95 	494.74 	3160487
6/3/21	495.19 	496.66 	487.25 	489.43 	3887445
6/2/21	499.82 	503.22 	495.82 	499.24 	2268979
6/1/21	504.01 	505.41 	497.74 	499.08 	2482555
5/28/21	504.40 	511.76 	502.53 	502.81 	2911297
5/27/21	501.80 	505.10 	498.54 	503.86 	3253773
5/26/21	502.34 	504.14 	500.50 	502.36 	2465303
5/25/21	506 	506.37 	499.22 	501.34 	2699459
5/24/21	501.05 	504.25 	499.51 	502.90 	2412595
5/21/21	503.12 	505.40 	497.26 	497.89 	3322925
5/20/21	489.55 	502.70 	488.98 	501.67 	3721218
5/19/21	481.63 	488.57 	478.54 	487.70 	3349930
5/18/21	488.40 	493.48 	486.19 	486.28 	2350496
5/17/21	485.59 	492.71 	482.81 	488.94 	2701057
5/14/21	487.86 	494.85 	486.59 	493.37 	2882464
5/13/21	489.13 	490.78 	482.71 	486.66 	2716561
5/12/21	486.83 	493.54 	482.70 	484.98 	4121540
5/11/21	479.75 	497.99 	478.63 	495.08 	4401000
5/10/21	502 	503.15 	486.11 	486.69 	5131632
5/7/21	504.62 	508.55 	501.12 	503.84 	3132786
5/6/21	495.99 	499.55 	491.37 	499.55 	3783698
5/5/21	504.99 	507.78 	494.63 	496.08 	3129366
5/4/21	510.78 	511.63 	496.79 	503.18 	4349502
5/3/21	512.65 	518.95 	505.20 	509.11 	4091895
4/30/21	505 	514.55 	505 	513.47 	4413242
4/29/21	507.60 	509.29 	499 	509 	5127792
4/28/21	505.20 	508.40 	503.34 	506.52 	3192983
4/27/21	512.62 	512.99 	504.58 	505.55 	3761327
4/26/21	506.76 	510.48 	503 	510.30 	4388839
4/23/21	509.01 	509.70 	500.70 	505.55 	7314659
4/22/21	513.82 	513.96 	500.55 	508.78 	9061062
4/21/21	508 	515.46 	503.60 	508.90 	22897450
4/20/21	554.42 	563.56 	546.30 	549.57 	11257650
4/19/21	546.90 	556.44 	545.53 	554.44 	4288715
4/16/21	550.54 	551.98 	539.51 	546.54 	3209075
4/15/21	544.17 	553.49 	542.66 	549.22 	3139050
4/14/21	554.87 	554.87 	538.53 	540.02 	3740294
4/13/21	557 	559.75 	550.30 	553.73 	2720344
4/12/21	551.05 	557.98 	549.58 	552.78 	2944060
4/9/21	552.69 	556.90 	547.11 	555.31 	2894034
4/8/21	551.13 	556.90 	547.57 	554.58 	4309829
4/7/21	543.50 	549.64 	541.45 	546.99 	2151319
4/6/21	544.81 	554.17 	543.30 	544.53 	3474205
4/5/21	540.01 	542.85 	529.23 	540.67 	3355904
4/1/21	529.93 	540.50 	527.03 	539.42 	3938637
3/31/21	515.68 	528.13 	515.44 	521.66 	3503111
3/30/21	510.51 	514.41 	506.91 	513.39 	2418129
3/29/21	505.66 	518 	504.40 	513.95 	3330049
3/26/21	502.82 	508.72 	496.68 	508.05 	3467797
3/25/21	516.99 	518.53 	497 	502.86 	4926764
3/24/21	533.78 	534.42 	520 	520.81 	4102211
3/23/21	529.87 	543.12 	529.40 	535.09 	5583461
3/22/21	509.13 	529.31 	509.13 	523.11 	3360587
3/19/21	504.96 	513.19 	501.63 	512.18 	4386360
3/18/21	516.40 	517.90 	503.85 	504.79 	4096606
3/17/21	522 	528.37 	514.30 	524.44 	2817376
3/16/21	524.47 	533.42 	523.21 	524.03 	3238888
3/15/21	516.32 	520.73 	508.03 	520.25 	3485519
3/12/21	512.50 	526.51 	506.59 	518.02 	3981743
3/11/21	512.21 	530.24 	510.71 	523.06 	4714469
3/10/21	513.50 	518.97 	504.25 	504.54 	3771484
3/9/21	507.31 	513.11 	503.82 	506.44 	3470042
3/8/21	514.46 	518.84 	492.85 	493.33 	3981758
3/5/21	511.98 	517.76 	498.79 	516.39 	5069973
3/4/21	521.50 	531.50 	507.68 	511.29 	5034792
3/3/21	545.93 	548.01 	517.81 	520.70 	5362443
3/2/21	553.34 	556.99 	546.02 	547.82 	3042226
3/1/21	545.57 	552.14 	542 	550.64 	3042180
2/26/21	546.51 	553.09 	538 	538.85 	3755574
2/25/21	550.27 	556.48 	535.75 	546.70 	4252879
2/24/21	539.80 	556.85 	539.07 	553.41 	3245038
2/23/21	525.00 	548.54 	518.28 	546.15 	4136532
2/22/21	534.99 	541.79 	530.79 	533.78 	3078594
2/19/21	548 	548.99 	538.81 	540.22 	2841457
2/18/21	549 	550 	538.23 	548.22 	2457604
2/17/21	550.99 	555.25 	543.03 	551.34 	2071590
2/16/21	557.29 	563.63 	552.73 	557.28 	2624097
2/12/21	556.94 	561.25 	550.85 	556.52 	2197128
2/11/21	564.44 	565.93 	554.22 	557.59 	2730587
2/10/21	562.50 	566.65 	553.46 	563.59 	3991264
2/9/21	546 	566 	543 	559.07 	3703499
2/8/21	555 	555 	543.70 	547.92 	2791721
2/5/21	552.26 	554.44 	545.48 	550.79 	2376175
2/4/21	539.81 	559.48 	537.51 	552.16 	5164537
2/3/21	550.17 	550.48 	538.24 	539.45 	3172288
2/2/21	542.01 	555.48 	538.94 	548.16 	3767569
2/1/21	536.79 	545.06 	531.73 	539.04 	3547507
1/29/21	538 	541 	530.18 	532.39 	4325264
1/28/21	535.88 	553.15 	530.74 	538.60 	5968978
1/27/21	550.71 	556.42 	515.73 	523.28 	8670277
1/26/21	554.73 	567.99 	554.06 	561.93 	5023847
1/25/21	567 	569.75 	548.65 	556.78 	7207329
1/22/21	582.10 	583.99 	564.35 	565.17 	7550822
1/21/21	582.45 	588.75 	570.40 	579.84 	11840630
1/20/21	565.42 	593.29 	556.86 	586.34 	32637450
1/19/21	501 	509.25 	493.54 	501.77 	12315810
1/15/21	500 	506.32 	495.10 	497.98 	5895788
1/14/21	507.35 	514.50 	499.58 	500.86 	4177357
1/13/21	495.50 	512.35 	493.01 	507.79 	5032099
1/12/21	500 	501.09 	485.67 	494.25 	5990425
1/11/21	507.84 	510.73 	497.95 	499.10 	3812720
1/8/21	511.31 	513.24 	504.51 	510.40 	2973949
1/7/21	508.28 	516.44 	506.42 	508.89 	3686448
1/6/21	511.97 	513.10 	499.50 	500.49 	5346210
1/5/21	521.55 	526.78 	515.89 	520.80 	3133872
1/4/21	539 	540.80 	515.09 	522.86 	4444407
12/31/20	525.53 	545.50 	523.15 	540.73 	5392322
12/30/20	530.13 	533.26 	523.69 	524.59 	1876286
12/29/20	519.90 	536.55 	515.48 	530.87 	4022358
12/28/20	516.43 	523.66 	507.13 	519.12 	2891867
12/24/20	515.12 	519.35 	512.21 	513.97 	1143952
12/23/20	524.76 	526.32 	514.20 	514.48 	2393187
12/22/20	527.69 	530.40 	520.50 	527.33 	1908529
12/21/20	530.05 	532.62 	521.15 	528.91 	3893964
12/18/20	533.20 	536.37 	526.02 	534.45 	4502692
12/17/20	529 	535.49 	526.44 	532.90 	3193377
12/16/20	520.11 	527.38 	517.69 	524.83 	3682392
12/15/20	518.50 	524.70 	513.56 	519.78 	3398209
12/14/20	505.44 	524.16 	501.18 	522.42 	5770424
12/11/20	495 	503.34 	494.85 	503.22 	3210928
12/10/20	494.56 	503.77 	492.91 	501.09 	3018203
12/9/20	510.53 	514.50 	491.29 	493.60 	4178768
12/8/20	517.90 	521.49 	505.55 	512.66 	4228950
12/7/20	500.01 	517.76 	497.77 	515.78 	4289293
12/4/20	497.50 	504.50 	493.64 	498.31 	3666243
12/3/20	502.99 	508.77 	496.04 	497.52 	2826116
12/2/20	501.62 	506.80 	493.50 	503.38 	3028358
12/1/20	492.34 	509.47 	491.98 	504.58 	5063234
11/30/20	490.08 	492.55 	481.27 	490.70 	3530940
11/27/20	486.58 	493.25 	481.85 	491.36 	2805762
11/25/20	485.13 	486.90 	478.92 	485 	3598629
11/24/20	478.84 	484.05 	475.89 	482.88 	3557894
11/23/20	490.46 	491.15 	475.84 	476.62 	5416571
11/20/20	485.22 	494.76 	481.57 	488.24 	4255924
11/19/20	482 	487.80 	480.47 	484.67 	2254653
11/18/20	481.95 	488.61 	477.72 	481.79 	3629237
11/17/20	480.12 	487.51 	478.85 	480.63 	3698082
11/16/20	480 	485.58 	477.30 	479.10 	3953563
11/13/20	486.77 	488.94 	477.80 	482.84 	3006510
11/12/20	491 	496.52 	480.43 	486.77 	5071155
11/11/20	483 	491.68 	478.26 	490.76 	5460532
11/10/20	470.95 	484.60 	463.41 	480.24 	8306142
11/9/20	485.54 	495.85 	467.26 	470.50 	10419680
11/6/20	515 	515.21 	502.51 	514.73 	4236349
11/5/20	506.56 	518.73 	503.45 	513.76 	5372781
11/4/20	495.36 	507.73 	493.98 	496.95 	5137330
11/3/20	484.93 	495.31 	478.76 	487.22 	3690213
11/2/20	478.87 	486.30 	475 	484.12 	4408193
10/30/20	502.01 	505.88 	472.21 	475.74 	7813897
10/29/20	488.50 	513.90 	479.34 	504.21 	11120690
10/28/20	486.36 	494 	483.28 	486.24 	5992731
10/27/20	490.01 	490.49 	482.93 	488.93 	3627175
10/26/20	487.03 	496.82 	478.90 	488.24 	6186087
10/23/20	488.11 	490.06 	481.35 	488.28 	4927862
10/22/20	494.69 	495.14 	482 	485.23 	6997922
10/21/20	501.03 	506.85 	488.25 	489.05 	17405710
10/20/20	528.14 	533.78 	522.26 	525.42 	10047180
10/19/20	537.07 	541.80 	525.38 	530.72 	7567506
10/16/20	549.50 	554.33 	530.03 	530.79 	6347363
10/15/20	545.52 	551.22 	535.10 	541.94 	5113126
10/14/20	562.61 	572.49 	541 	541.45 	9510081
10/13/20	540.56 	557.65 	537.20 	554.09 	5602498
10/12/20	548.81 	551.81 	538.24 	539.81 	5391074
10/9/20	537.83 	544.28 	535 	539.44 	4781259
10/8/20	533.48 	535 	524.15 	531.79 	5386488
10/7/20	518 	536.49 	515.82 	534.66 	7988683
10/6/20	518.72 	521.82 	504.16 	505.87 	4199034
10/5/20	506.80 	520.99 	501.70 	520.65 	4088069
10/2/20	516.43 	526.37 	502.70 	503.06 	6071165
10/1/20	506.03 	529.55 	503.60 	527.51 	8153710
9/30/20	492.57 	504.63 	489.27 	500.03 	4634111
9/29/20	489.50 	496.29 	486.53 	493.48 	3543193
9/28/20	489.11 	492 	477.88 	490.65 	4773497
9/25/20	474.39 	484.87 	468.03 	482.88 	3769436
9/24/20	470.53 	477 	467.82 	473.08 	3727201
9/23/20	491.04 	491.04 	469 	470.61 	3726423
9/22/20	489.01 	491.82 	479.26 	491.17 	3482324
9/21/20	467.69 	487.78 	466.32 	487.35 	5457539
9/18/20	472.51 	479.40 	458.60 	469.96 	6717711
9/17/20	475.16 	478.40 	463.27 	470.20 	5379301
9/16/20	499.99 	504.66 	483.31 	483.86 	4401412
9/15/20	484 	497.47 	481.63 	495.99 	5336992
9/14/20	480.62 	488.99 	471.30 	476.26 	7359126
9/11/20	486.49 	493.73 	476.81 	482.03 	5035200
9/10/20	503.35 	506.29 	478.84 	480.67 	6240181
9/9/20	519.21 	520 	492.57 	500.19 	6848127
9/8/20	498.40 	522 	495 	507.02 	5572684
9/4/20	520.18 	527.36 	485.98 	516.05 	8270118
9/3/20	545 	554 	521.32 	525.75 	9071089
9/2/20	553.78 	556.50 	537.37 	552.84 	5886930
9/1/20	532.60 	557.39 	532.45 	556.55 	9581907
8/31/20	521.16 	531.99 	517.58 	529.56 	4941409
8/28/20	532 	539 	522 	523.89 	4417517
8/27/20	537.78 	541 	521.25 	526.27 	9062912
8/26/20	492.50 	549.04 	492.08 	547.53 	20373680
8/25/20	488.19 	492.47 	485.09 	490.58 	5727721
8/24/20	495.44 	501 	483.16 	488.81 	4762183
8/21/20	496.46 	498.13 	490 	492.31 	3921293
8/20/20	484.69 	498.94 	483.89 	497.90 	5132480
8/19/20	493.93 	494.50 	483.50 	484.53 	3156218
8/18/20	484.35 	495.30 	482.80 	491.87 	3505518
8/17/20	484.19 	486.24 	479.10 	482.35 	2423545
8/14/20	482.82 	488.33 	480.21 	482.68 	2943487
8/13/20	478.40 	484.45 	476.45 	481.33 	3008933
8/12/20	471.34 	482.49 	470.18 	475.47 	5441243
8/11/20	479.75 	480.92 	466.55 	466.93 	7329226
8/10/20	493.35 	497.46 	478.63 	483.38 	4691185
8/7/20	505.45 	508.29 	486.68 	494.73 	5910348
8/6/20	504.11 	510.82 	498.70 	509.08 	3725861
8/5/20	508.68 	510.10 	501.20 	502.11 	4313526
8/4/20	498.65 	510.44 	498.65 	509.64 	5607968
8/3/20	490.86 	503.09 	490.23 	498.62 	5876190
7/31/20	488.29 	494.80 	484.50 	488.88 	5924310
7/30/20	480.71 	488.35 	477.51 	485.80 	6608569
7/29/20	492.25 	494.92 	484.13 	484.48 	6611769
7/28/20	496.02 	497.79 	487.76 	488.51 	5986727
7/27/20	484.51 	496.92 	482.31 	495.65 	7863069
7/24/20	468.77 	487.17 	467.54 	480.45 	7746247
7/23/20	491.13 	491.90 	472.02 	477.58 	7722034
7/22/20	492.19 	497.20 	487.20 	489.82 	6954078
7/21/20	506 	506.22 	488.61 	490.10 	9127218
7/20/20	489.14 	504.50 	484.20 	502.41 	11940310
7/17/20	494.87 	503.59 	484.14 	492.99 	24991350
7/16/20	526.48 	535.54 	504.36 	527.39 	24498990
7/15/20	516.30 	529 	510.18 	523.26 	10066650
7/14/20	517.08 	525.50 	490.49 	524.88 	15083300
7/13/20	567.98 	575.37 	520.96 	525.50 	18399020
7/10/20	519.73 	555.88 	511.28 	548.73 	21605590
7/9/20	508.40 	510 	495.78 	507.76 	5840541
7/8/20	498.58 	505.10 	493.81 	502.78 	5691682
7/7/20	497.31 	504.82 	490.83 	493.16 	5669870
7/6/20	480.77 	499.50 	479.80 	493.81 	7838990
7/2/20	485.64 	492.28 	475.53 	476.89 	6351485
7/1/20	454 	488.23 	454 	485.64 	9705870
6/30/20	450.02 	457.59 	447 	455.04 	4198545
6/29/20	445.23 	447.67 	432.14 	447.24 	4843978
6/26/20	466.39 	468.03 	442.24 	443.40 	6804726
6/25/20	458.86 	467.01 	454 	465.91 	4134513
6/24/20	468.54 	472.36 	454 	457.85 	4826191
6/23/20	466.50 	474.01 	464.50 	466.26 	5948436
6/22/20	455.01 	468.59 	454.21 	468.04 	6272105
6/19/20	449.12 	453.97 	445.60 	453.72 	5933651
6/18/20	448.73 	452.76 	442.80 	449.87 	4277627
6/17/20	441.82 	450.46 	439.22 	447.77 	6529568
6/16/20	425.76 	437.96 	425.18 	436.13 	5514016
6/15/20	421.40 	426.49 	415.42 	425.50 	4471499
6/12/20	429 	434.06 	412.45 	418.07 	6461127
6/11/20	428.20 	445.57 	424.16 	425.56 	7462868
6/10/20	436 	439.69 	430.55 	434.48 	4896893
6/9/20	421.65 	434.73 	420.31 	434.05 	6796999
6/8/20	416 	420.80 	406.50 	419.49 	5851453
6/5/20	407.29 	420.24 	404.25 	419.60 	5099561
6/4/20	422.39 	428.71 	410.03 	414.33 	5410529
6/3/20	426.95 	427.10 	418.05 	421.97 	4316044
6/2/20	425.87 	427.59 	419.46 	427.31 	3494801
6/1/20	418.83 	426.72 	415.98 	425.92 	3748573
5/29/20	417.46 	420.30 	411.85 	419.73 	5270484
5/28/20	417.24 	422.37 	411.50 	413.44 	5660160
5/27/20	410.38 	420.02 	397.86 	419.89 	10446340
5/26/20	427.77 	428.50 	413.14 	414.77 	7881115
5/22/20	437 	439.09 	427.18 	429.32 	5422334
5/21/20	448.56 	448.96 	430.25 	436.25 	9117325
5/20/20	454.25 	455.81 	444 	447.67 	5607257
5/19/20	453.40 	458.97 	450.47 	451.04 	4810487
5/18/20	451.16 	456.36 	443.35 	452.58 	7780309
5/15/20	440.70 	455 	437.51 	454.19 	7243998
5/14/20	444.90 	452.38 	432.82 	441.95 	9007467
5/13/20	435.69 	447 	427.27 	438.27 	7014563
5/12/20	442 	444.17 	431.36 	431.82 	4598211
5/11/20	436.33 	444.89 	435.56 	440.52 	5486037
5/8/20	434.14 	442 	433.64 	435.55 	5054308
5/7/20	436.89 	438.88 	430.66 	436.53 	5650281
5/6/20	429.30 	439.77 	426.39 	434.26 	6660737
5/5/20	427.56 	431 	421.56 	424.68 	6286293
5/4/20	417.78 	428.54 	414.87 	428.15 	7799058
5/1/20	415.10 	427.97 	411.73 	415.27 	8299858
4/30/20	410.31 	424.44 	408 	419.85 	7953975
4/29/20	399.53 	415.86 	393.60 	411.89 	9693137
4/28/20	419.99 	421 	402.91 	403.83 	10101230
4/27/20	425 	429 	420.84 	421.38 	6277480
4/24/20	425 	427.17 	415.88 	424.99 	8670362
4/23/20	419.26 	438.41 	419.26 	426.70 	13952330
4/22/20	429.73 	433 	413 	421.42 	21123770
4/21/20	444.77 	447 	425.60 	433.83 	23177550
4/20/20	435.17 	444.49 	430.56 	437.49 	12655820
4/17/20	431 	432 	414.70 	422.96 	12616260
4/16/20	437 	449.52 	431.61 	439.17 	16128670
4/15/20	413 	434.98 	412.25 	426.75 	13561220
4/14/20	397.50 	417.82 	394.85 	413.55 	11580980
4/13/20	371.31 	400.51 	367.70 	396.72 	11692920
4/9/20	371.06 	372.10 	363.03 	370.72 	7711296
4/8/20	374.01 	378.39 	368.31 	371.12 	6908879
4/7/20	380 	381.33 	369.34 	372.28 	7046438
4/6/20	365.22 	380.29 	361.71 	379.96 	8183921
4/3/20	367.47 	370.90 	357.51 	361.76 	4860768
4/2/20	364.08 	370.99 	360.06 	370.08 	4592477
4/1/20	376.05 	380.23 	361.02 	364.08 	6672454
3/31/20	367.93 	383.01 	366.44 	375.50 	9366464
3/30/20	363 	377.80 	361.17 	370.96 	8621964
3/27/20	359.09 	368.56 	353 	357.12 	7948775
3/26/20	344 	363.84 	341.73 	362.99 	7235016
3/25/20	361.02 	362 	339.17 	342.39 	8767171
3/24/20	369.99 	372.93 	353.03 	357.32 	11638680
3/23/20	347.89 	366.11 	340.88 	360.27 	13449380
3/20/20	342.31 	350.49 	332 	332.83 	10853850
3/19/20	324.33 	348.51 	316.82 	332.03 	10615960
3/18/20	302.40 	331.58 	300 	315.47 	12593650
3/17/20	306.19 	322.90 	290.25 	319.75 	10013910
3/16/20	306.63 	334.35 	294.75 	298.84 	10559940
3/13/20	330.51 	336.42 	307.39 	336.30 	9458197
3/12/20	326.50 	335.72 	307.32 	315.25 	12071590
3/11/20	358.92 	362.98 	344.79 	349.92 	6058782
3/10/20	356.43 	364.54 	347.85 	364.13 	7604444
3/9/20	343.86 	357.47 	341.72 	346.49 	7405458
3/6/20	367.70 	371.31 	356.85 	368.97 	8147165
3/5/20	381 	391.40 	368.64 	372.78 	8746985
3/4/20	377.77 	384.01 	370.51 	383.79 	5487340
3/3/20	381.03 	393.52 	367.40 	368.77 	8364623
3/2/20	373.11 	381.36 	364.50 	381.05 	6997891
2/28/20	364.21 	376.77 	356.80 	369.03 	11178570
2/27/20	371.46 	391.56 	370.60 	371.71 	10967700
2/26/20	366.31 	382 	365 	379.24 	8961126
2/25/20	372 	375.65 	357.72 	360.09 	6481243
2/24/20	364.76 	372.82 	361 	368.70 	6936418
2/21/20	385.33 	387.32 	377.90 	380.07 	3935618
2/20/20	386.56 	389.70 	376.68 	386 	4079425
2/19/20	388.12 	392.95 	384.90 	386.19 	4896368
2/18/20	379.30 	389.54 	379.19 	387.78 	5180400
2/14/20	381.47 	385.15 	379.43 	380.40 	3736266
2/13/20	376.96 	385.37 	376.51 	381.40 	4485383
2/12/20	377.18 	380.62 	375.88 	380.01 	4624772
2/11/20	373.75 	378.11 	369.72 	373.69 	4772870
2/10/20	365 	374.80 	362.52 	371.07 	5294138
2/7/20	365.04 	371.80 	363.57 	366.77 	4385227
2/6/20	369.60 	371.55 	362.51 	366.95 	3920428
2/5/20	375.13 	375.25 	362.30 	369.67 	6437026
2/4/20	361 	369.57 	356.10 	369.01 	7161451
2/3/20	347.24 	359.63 	346.28 	358 	6674885
1/31/20	347.39 	347.39 	340.98 	345.09 	5230001
1/30/20	341.10 	348.20 	339.25 	347.74 	5328136
1/29/20	349 	349.40 	338.55 	343.16 	7649183
1/28/20	345.88 	352.40 	342.78 	348.52 	6821581
1/27/20	345.95 	351.90 	341.02 	342.88 	7709482
1/24/20	348.46 	359.85 	345.88 	353.16 	17939680
1/23/20	326.04 	349.88 	325.01 	349.60 	18200290
1/22/20	332.55 	336.30 	323.60 	326 	21729960
1/21/20	340 	341 	332.59 	338.11 	14350320
1/17/20	341 	341.57 	337.38 	339.67 	6066547
1/16/20	343.50 	343.56 	335.85 	338.62 	5015997
1/15/20	338.68 	343.17 	336.60 	339.07 	5158035
1/14/20	344.40 	345.38 	335.52 	338.69 	7201544
1/13/20	331.80 	340.85 	331.51 	338.92 	6296174
1/10/20	337.13 	338.50 	327.27 	329.05 	4720540
1/9/20	342 	343.42 	334.61 	335.66 	4717430
1/8/20	331.49 	342.70 	331.05 	339.26 	7109117
1/7/20	336.47 	336.70 	330.30 	330.75 	4742458
1/6/20	323.12 	336.36 	321.20 	335.83 	5668577
1/3/20	326.78 	329.86 	325.53 	325.90 	3795466
1/2/20	326.10 	329.98 	324.78 	329.81 	4348493